33,383
33,382
33,381
33,380
33,379
33,378
33,377
33,376
33,375
0,573
33,374
33,373
34,35
34,84
35,103
35,102
33,372
33,371
33,370
33,369
33,368
33,367
33,366
33,365
33,364
33,363
34,83
35,101
35,100
34,82
34,81
35,99
0,570
0,569
35,98
35,97
34,80
34,79
0,568
34,78
0,565
0,563
0,562
0,561
0,559
34,77
35,96
35,95
35,94
33,362
34,76
0,558
35,93
34,75
0,557
33,361
35,92
35,91
34,41
34,40
34,4
35,90
34,74
33,360
35,89
34,73
35,85
0,549
0,548
0,546
0,545
34,72
33,359
33,326
0,544
0,542
33,324
33,323
0,539
78,36
78,35
33,129
33,128
33,106
33,4
33,325
33,256
33,175
33,171
33,109
33,108
33,5
33,3
14,14
3,2
3,1
3,3
10,200
10,232
10,178
10,301
10,21
10,4
10,162
10,1
10,265
10,2
10,3
11,13
11,9
11,26
11,27
11,21
11,24
11,14
11,1
11,8
11,2
11,3
9,7
9,1
9,5
9,2
9,3
8,15
8,7
8,12
8,14
8,4
8,9
8,1
8,6
8,2
8,3
12,2
12,1
12,3
20,2
20,1
20,3
19,2
19,1
19,3
18,1
18,3
14,7
14,3
13,1
13,3
35,7
35,6
35,5
35,4
35,3
35,2
35,1
35,0
33,105
33,104
33,103
33,102
33,101
33,100
33,99
33,98
33,97
33,96
33,95
33,94
33,93
33,92
33,91
33,90
33,89
33,88
2,2
2,1
33,87
2,3
33,86
33,85
33,84
33,83
33,82
33,81
33,80
33,79
33,78
33,77
33,76
33,75
33,74
33,73
33,72
33,71
33,70
33,69
33,68
33,67
33,66
33,65
33,64
33,37
33,36
33,35
33,34
33,33
33,32
33,31
33,30
33,29
33,28
33,27
33,26
33,25
33,24
33,23
33,22
33,21
33,20
33,19
